# Number of parameters = 161  Objective function value = 1405.86  Maximum gradient component = 7.11495e-005
# theta[1]:
6.89651361438
# theta[2]:
6.58662047005
# theta[3]:
-2.80465112136
# theta[4]:
-10.7161096887
# theta[5]:
-13.1562670531
# theta[6]:
-10.9457355640
# init_pop:
 -0.494675913271 -0.454302833503 2.19679193960 -0.569756150050 -0.442349563505 -0.518480400897 -0.475878992132 -0.608415192371 0.820501833268 -0.122545649446 -0.0805602793323 -1.27805403623 0.297020724225 -0.468174463694 -1.07007376666 -0.360181580622 -1.47137198987 0.140910011029 -0.985681140575 -0.776168630521 -0.946822399432 -1.00013495308 -1.06524958497 -1.04092388705 -0.782611081318 -1.06791257338 -1.02902185463 -1.10753707364 -1.25457401848 -1.10895624126 -1.17533267191 -0.928247775884 -1.15751816297 -1.19250387936 -1.20593143641 -1.26132385250 -1.23767983988 -1.22486317536 -1.23442687343 -1.05698296774
# log_rec_dev:
 2.46928779077 -0.613126191097 -0.446633487248 1.13017444743 -0.375345675006 -0.214610596242 0.654035003795 -0.514013735308 -0.627989529911 -0.293337534027 -0.195930042613 -0.275409450011 -0.526220380613 -1.05320237984 -0.922035389573 -0.266632605675 -0.652127063877 -0.525557888466 -0.211903558389 -1.50670792807 -1.20228387268 -1.42189262659 -0.281845441123 -1.61382412829 0.762775412685 -2.96309835206 -2.54306423613 0.281190591687 -3.01833169804 -2.20270676052 -1.19810861995 -1.09021482056 -0.961833318708 -0.318507326548 -2.01461919366 -1.16634874931
# log_F_devsf:
 -2.56059941152 -3.59201663382 -3.06844327980 -3.20831588408 -2.50973179920 -1.06748254875 -0.727214896901 -0.342201768933 -0.202706467274 -0.226328789603 -0.262977770392 0.0100512714924 0.196513159956 0.607584760688 0.556599176044 0.669511416345 0.870986895005 1.05135134079 1.21595772405 0.987900965609 1.13245434274 0.937713159113 0.890437789324 0.917548266484 1.24144642774 1.17104652381 1.21067143625 1.03549021541 0.966074525854 0.820623746162 0.820996683753 0.718216797216 0.782620370315 0.780422305281 0.630939802098 0.764979478010
# log_F_devsm:
 -2.67325148628 -3.72723911420 -3.19170206719 -3.34364132074 -2.67285533231 -1.21676576783 -0.865663864808 -0.468870209266 -0.318619904286 -0.344250551350 -0.386357217838 -0.0982135892889 0.102610036443 0.551789719278 0.485110254794 0.599372683578 0.811635059202 1.01401329668 1.19887397085 0.920385913065 1.08054519099 0.832231177937 1.09326419370 1.00748386214 0.996216286125 0.760849486423 0.938343223235 0.678207120098 0.454666475617 0.281535806037 0.308530230514 0.175166938321 0.443341859814 0.645099204920 0.417493571715 0.290546120853
# mF:
 0.137656038420 0.114175559141 0.0955516005029 0.0803194821777 0.0675630853536 0.0566767158452 0.0472421941317
