# Number of parameters = 128  Objective function value = 307.818  Maximum gradient component = 7.11360e-005
# theta[1]:
6.97754412665
# theta[2]:
6.79757036194
# theta[3]:
-2.75201211113
# theta[4]:
-10.6778846962
# theta[5]:
-11.8374806172
# theta[6]:
-9.59291356565
# init_pop:
 -0.556985913443 2.77880651344 -0.633569723284 -0.667073295710 -0.638664716319 -0.584162126978 -0.534209270458 -0.516266501809 -0.441124748157 -0.459091732445 -0.484550549853 -0.625035058899 -0.534806869524 -0.600643362574 -0.699565329816 -0.529300561397 -0.816365464583 -0.778750148068 -0.943105425624 -0.971308319063 -1.01373781818 -1.01960938280 -1.06505723191 -0.898453261808 -0.878222239116 -0.939277818512 -0.946474293020 -0.995603728904 -1.03696823544 -0.983615555280 -0.979358818415 -0.910148341350 -0.940823343208 -0.951877544070 -0.949062406744 -0.978100933390 -0.957078520694 -0.965145237324 -0.964951687310 -0.903535408539
# log_rec_dev:
 -0.465391005002 -0.423828524821 1.70357828476 -0.425413261588 -0.333283218284 -0.153369176769 -0.0474432884707 -0.418062638443 -0.600341111835 -0.499054476313 -0.424400681607 -0.630225861430 -0.923024540021 -1.15040881789 -1.11214685841 -0.835986122525 -0.396140155220 -0.0468359795988 -0.554756193312 -0.554493533629 -1.18612819617 -1.81192162802 0.629505980142 -0.930562475083 -1.38099783505 0.182872905289 -1.15817638981 -1.40965302981 -1.11704951487 -0.769155726660 -1.32923741492 -1.48787136961 -1.65710918205 -1.48997506367 -1.13136548051 -0.870233396892
# log_F_devs:
 -2.58756891714 -3.61906864842 -3.24020217595 -3.39047329621 -2.64525452060 -1.16700498927 -0.853949512799 -0.480348999728 -0.320535821833 -0.331487085579 -0.365090695908 -0.0815386775445 0.123476035317 0.568898889549 0.520923364025 0.644842686674 0.861004843035 1.07203913621 1.28832487782 1.07849170632 1.23180311706 0.956763336973 0.953818177477 1.01624078931 1.27671220809 1.26136935524 1.16699464871 0.866722982564 0.912615898930 0.521514669377 0.496063929336 0.378542806067 0.516738572598 0.554498426074 0.367786385539 0.446336498695
# fish_sel_a50:
1.55723614475
# mF:
 0.190931791175 0.153719082197 0.125708808669 0.103730638982 0.0859381339544 0.0711778159032 0.0586896951434 0.0479515735692 0.0385922371937
