# Number of parameters = 165  Objective function value = 380.249  Maximum gradient component = 7.94265e-005
# theta[1]:
6.95982479490
# theta[2]:
7.19663392743
# theta[3]:
-2.90653728537
# theta[4]:
-10.9936391110
# theta[5]:
-12.0173460529
# theta[6]:
-9.77119033209
# init_pop:
 -0.196223701807 -0.265549214821 1.94061602494 -0.699018460744 -0.751166782835 -0.728892384270 -0.666223957179 -0.610614820708 -0.369155153580 -0.412859686094 -0.569800437920 -0.761059472629 -0.661275771056 -0.719692789472 -0.892881897329 -0.780741120920 -1.02673248117 -0.714919491064 -0.967954581088 -0.957566122899 -1.06032215443 -1.07286683390 -1.11945946296 -0.819934869570 -0.738206426793 -0.831392720817 -0.799594619756 -0.855753719017 -0.899969807537 -0.863439084542 -0.861800349620 -0.704531894832 -0.720011565121 -0.788379875295 -0.841433290822 -0.888608990412 -0.888638374149 -0.923755689217 -0.986915271111 -0.892485590381
# log_rec_dev:
 -0.464059837533 2.28005499356 -0.514659815685 -0.351067807096 -0.158897589868 -0.0171378648562 0.204360620674 -0.353882331876 -0.548520948646 -0.487235237991 -0.385650585888 -0.496856202784 -0.793449735801 -1.12287483408 -1.12106128112 -0.722184814187 -0.569018544301 -0.260940161381 -0.427803007591 -0.833618125697 -0.843670088273 -2.07102310849 0.583330903617 -1.21424723406 -0.837495861205 -0.114303423069 -1.28178379214 -1.71579597851 -0.975717311598 -0.685324132304 -1.82970916506 -1.45884065329 -1.93234639967 -1.61101110687 -1.20141358389 -0.880606682939
# log_F_devsf:
 -2.81197758891 -3.97115999572 -3.35728880372 -3.37563672698 -2.60562819184 -1.28483390432 -0.906827012326 -0.499286959063 -0.337197296258 -0.342825751391 -0.380604899967 -0.103066177741 0.0940308272266 0.511545384013 0.460471207903 0.568466193983 0.763114711513 0.962441163024 1.15214254621 0.928413253569 1.08438631129 0.842100902688 0.738308204135 0.869904160269 1.24306302227 1.38215028132 1.14820150430 0.993397032625 1.12485872739 0.734658431189 0.790447352073 0.718997632893 0.767041719445 0.689468577701 0.601999543830 0.806724617364
# log_F_devsm:
 -2.83508115632 -3.95372540059 -3.42400081866 -3.43903460162 -2.65861759430 -1.27049613937 -0.955147085179 -0.518548271562 -0.339529794699 -0.342524636975 -0.378614716879 -0.0845796329967 0.131456509461 0.604054868561 0.544810124589 0.663780635733 0.878223422518 1.09799264742 1.31510681097 1.06716746754 1.24020708976 0.973629692340 1.16967909404 1.21240060647 1.19196677237 1.12671583336 1.14729690916 0.823226380089 0.819862482314 0.468686475026 0.499053087802 0.427320207555 0.716827194693 0.860596090464 0.642712553244 0.577126893675
# fish_sel_a50_f:
1.44440737306
# fish_sel_a50_m:
1.60187941618
# mF:
 0.168290981066 0.136858865104 0.112808488498 0.0936845740417 0.0780296967794 0.0649192520607 0.0537360864949 0.0440513713840 0.0355572339035
